0010010010000000000000000000000000000000000000000010
0000010010000011000100000001000000000000000000000010
0000101110100000000010000001101100000000000000000010
0000011000100000000010000001101100000000000000000010
0011010100000000000000000000000000000000000000000010
0000010010000011000100000001000001000000000000000010
0000110011100000000010000001101100000100000000000010
0000010111100000000010000001101100000100000000000010
0000100100100000000000000010000000000000000001110010
0000010010000011000100000001000010000000000000000010
0000000000000000000000000000000000000000000000000010
0000000000000000000000000000000000000000000000000010
0000010010000000100000100001100000000000000000000010
0000010010000011000001000001000000000000000000000010
0000010010000010000010000000010100000100000000000010
0000011100100000000010000000000000000000000000000010
0001010000000000000000000000000000111000000000000010
0001010001000000000000000000000000110000000000000010
0101101100100000110000000000000000000000000000000010
0100101100100000110000000000000000000000000000000010
0000010010000010110000100101100000000000000000000010
0000010010000010110000100100011000000100000000000010
0000010010000000100000100000010000000100000000000010
0000010000010000000100000000000011001000000000000011
0000010001010000000100000000000011000000000000000011
0001011001010000000000000000000000101000000000000010
0000101101010000000000000000000000000010011010001100
0000010010000011001000000001000000001000000000000010
0001011100010010010000000100000000101000000000000010
0001011101010000000000000000000000101000000000000010
0000010010000000101000010000000000001000000000000010
0000010010000011001000000001000000000000000000000010
1000000000000100000000000000000000000000000000000010
0001100001010000000000000000000000101000000000000010
0000111011000010000000001010000000000000000001000010
0000100000001000001000000000000000001000000000000010
0001100110010000000010000000000000100000000000000010
0000101001100010000000001010000000000000000001010010
0000100111000000101000010000000000000000000000000010
0000101000100010000000001010000000000000000001000010
0001101010010000000000000000000000000000000000000010
0001101011000000000000000000000000111000000000000010
0000100010000000001000000000000000000010000000000010
0000101111010000000000000000000000000000000101010010
0000100001000000000000000000000000000000000000000011
0000100101000010000000001010000000000000100001100010
0000011101000000000000000000000000000000000000000011
0000110000100010000000001010000000000000000000010010
0001110010000000000000000000000000111000000000000010
0000101101010000000000000000000000000010010010001100
0000110100100000000000000000000000000000001000000010
0000011001000000000000000000000000000000000000000011
0001110110010000000010000000000000100000000000000010
0000000000000000000000000000000000000000000000000010
0000010010000000101000010000000000000000000000000010
0000000000000000000000000000000000000000000000000010
0000000000000000000000000000000000000000000000000010
0000000000000000000000000000000000000000000000000010
0000000000000000000000000000000000000000000000000010
0000010010000010000000001000000000000001000001110010
0000000000000000000000000000000000000000000000000010
0000000000000000000000000000000000000000000000000010
0000000000000000000000000000000000000000000000000010
0000000000000000000000000000000000000000000000000010

